 <pre>

 Contingency table for Low clouds (octas)
 Selection: ALL    618 stations
Period: 20240420-20240423
Used {00,06,12,18} + 01 02 ... 12
 Limits    1.00000000       2.00000000       3.00000000       4.00000000       5.00000000       6.00000000       7.00000000    
 Each class is data <= limit, the very last > last limit
 Total number of values       83463
                                              OBSERVATION
                                  19704     1262     1201      843      773      805     1375     2501 |     28464
                                   1312      285      316      274      242      271      510      909 |      4119
                                    981      267      275      219      238      290      440      811 |      3521
                           Ref      844      268      308      233      238      261      575      894 |      3621
                                    685      278      247      214      249      276      614      979 |      3542
                                    735      283      293      231      305      311      752     1353 |      4263
                                    782      392      393      352      396      480     1277     2118 |      6190
                                   1478     1092     1205     1048     1227     1558     4904    17231 |     29743

                    SUM           26521     4127     4238     3414     3668     4252    10447    26796 |     83463
                                              OBSERVATION
                                  19968     1465     1418     1039      966     1109     1794     3084 |     30843
                                   1149      268      279      238      238      247      520      857 |      3796
                                    794      227      228      178      228      230      450      775 |      3110
                       Highres      641      192      206      153      194      203      433      734 |      2756
                                    642      200      198      175      183      203      501      801 |      2903
                                    563      202      217      200      217      210      591      949 |      3149
                                    743      272      330      285      276      355      950     1609 |      4820
                                   2021     1301     1362     1146     1366     1695     5208    17987 |     32086

                    SUM           26521     4127     4238     3414     3668     4252    10447    26796 |     83463

