 <pre>

 Contingency table for Low clouds (octas)
 Selection: METCOOP    230 stations
Period: 20240420-20240423
Used {00,06,12,18} + 01 02 ... 12
 Limits    1.00000000       2.00000000       3.00000000       4.00000000       5.00000000       6.00000000       7.00000000    
 Each class is data <= limit, the very last > last limit
 Total number of values       35980
                                              OBSERVATION
                                  12361      363      386      317      251      292      521     1466 |     15957
                                    499       57       88       82       74       77      155      497 |      1529
                                    380       69       81       70       70       85      124      446 |      1325
                           Ref      291       55       73       47       41       40      146      458 |      1151
                                    228       54       53       52       62       65      147      470 |      1131
                                    238       60       73       56       73       78      218      612 |      1408
                                    250       92      110       96      107      103      428      961 |      2147
                                    431      308      350      328      314      295     1493     7813 |     11332

                    SUM           14678     1058     1214     1048      992     1035     3232    12723 |     35980
                                              OBSERVATION
                                  12239      373      439      351      315      375      664     1629 |     16385
                                    460       56       71       66       57       59      159      422 |      1350
                                    324       48       46       50       55       56      132      394 |      1105
                       Highres      263       44       47       37       49       46      130      354 |       970
                                    247       35       49       46       48       49      145      358 |       977
                                    218       39       61       65       49       46      179      455 |      1112
                                    280       76      100       66       74       66      308      767 |      1737
                                    647      387      401      367      345      338     1515     8344 |     12344

                    SUM           14678     1058     1214     1048      992     1035     3232    12723 |     35980

