 <pre>

 Contingency table for Visibility (m)
 Selection: METCOOP    264 stations
Period: 20240420-20240423
Used {00,06,12,18} + 00 01 ... 12
 Limits    1000.00000       5000.00000       10000.0000       20000.0000    
 Each class is data <= limit, the very last > last limit
 Total number of values       49193
                                     OBSERVATION
                                     88      190       47       36       34 |       395
                                    305     3164     1460     1152     1157 |      7238
                           Ref       14      177      261      388      959 |      1799
                                     15      131      214      507     3946 |      4813
                                     18      257      701     3146    30826 |     34948

                    SUM             440     3919     2683     5229    36922 |     49193
                                     OBSERVATION
                                      7       30        5        1        8 |        51
                                    376     2950     1185      900     1241 |      6652
                       Highres       24      434      432      687     1513 |      3090
                                     13      186      318      773     5467 |      6757
                                     20      319      743     2868    28693 |     32643

                    SUM             440     3919     2683     5229    36922 |     49193

