 <pre>

 Contingency table for Cloud base (m)
 Selection: ALL    620 stations
Period: 20240420-20240423
Used {00,06,12,18} + 01 02 ... 12
 Limits    70.0000000       150.000000       300.000000       600.000000       1000.00000       1500.00000       2500.00000       5000.00000    
 Each class is data <= limit, the very last > last limit
 Total number of values       81235
                                                       OBSERVATION
                                    136      204       85       45       16       17       21       35       37 |       596
                                     95      371      239       99       38       16       10        2        3 |       873
                                     97      655     1118      550      167       61       30       21        6 |      2705
                                    103      481     2693     3628     1378      380      150       80       40 |      8933
                           Ref       71      199     1053     3379     5064     1745      605      209      277 |     12602
                                     38       50      357     1327     3303     3728     1292      350      468 |     10913
                                     20       28      231      571     1077     1849     2680      449      371 |      7276
                                      6        3       60      336      662      647      627     1127      302 |      3770
                                    107       53      333     1596     4428     5404     4675     3422    13549 |     33567

                    SUM             673     2044     6169    11531    16133    13847    10090     5695    15053 |     81235
                                                       OBSERVATION
                                    106      193       67       36       25       18       15       13       11 |       484
                                     65      325      205      110       38       14       10       12        7 |       786
                                     89      689     1177      676      233       89       61       30       20 |      3064
                                    107      404     2259     2628      972      260      136       76       47 |      6889
                       Highres       83      232      994     2680     2997     1010      337      145      171 |      8649
                                     61       87      571     1831     3953     3517     1280      321      474 |     12095
                                     23       43      319      955     1659     2090     2576      578      534 |      8777
                                      6       15      144      496      878      786      689     1089      402 |      4505
                                    133       56      433     2119     5378     6063     4986     3431    13387 |     35986

                    SUM             673     2044     6169    11531    16133    13847    10090     5695    15053 |     81235

