 <pre>

 Contingency table for Visibility (m)
 Selection: ALL    708 stations
Period: 20240420-20240423
Used {00,06,12,18} + 00 01 ... 12
 Limits    1000.00000       5000.00000       10000.0000       20000.0000    
 Each class is data <= limit, the very last > last limit
 Total number of values      120694
                                     OBSERVATION
                                    227      603      176      166       99 |      1271
                                    613     5842     2921     2875     2023 |     14274
                           Ref       91      884     1606     3677     4951 |     11209
                                     49      605     1673     5057    13493 |     20877
                                     92      801     3346    11882    56942 |     73063

                    SUM            1072     8735     9722    23657    77508 |    120694
                                     OBSERVATION
                                     82      256       91      119       37 |       585
                                    757     5894     3095     3998     3046 |     16790
                       Highres      106     1067     1584     3705     6215 |     12677
                                     45      648     1919     6024    17767 |     26403
                                     82      870     3033     9811    50443 |     64239

                    SUM            1072     8735     9722    23657    77508 |    120694

