 <pre>

 Contingency table for Cloud cover (octas)
 Selection: ALL    382 stations
Period: 20240420-20240423
Used {00,06,12,18} + 01 02 ... 12
 Limits   0.500000000       1.50000000       2.50000000       3.50000000       4.50000000       5.50000000       6.50000000       7.50000000    
 Each class is data <= limit, the very last > last limit
 Total number of values       45894
                                                       OBSERVATION
                                   1900      503      298      262      166      198      223      299      487 |      4336
                                    500      200      164      179      139      146      212      325      536 |      2401
                                    267      113      118      118       90      138      162      285      485 |      1776
                                    206       96      108      114       99      105      180      338      525 |      1771
                           Ref      168       81      106      108      106      142      197      407      621 |      1936
                                    129       70       93      101      113      141      208      522      754 |      2131
                                    168       77       91      123      110      181      233      626     1175 |      2784
                                    159      120      127      116      153      243      448     1032     2111 |      4509
                                    255      199      293      271      356      554     1270     4456    16596 |     24250

                    SUM            3752     1459     1398     1392     1332     1848     3133     8290    23290 |     45894
                                                       OBSERVATION
                                   1907      586      342      335      223      258      302      407      782 |      5142
                                    418      156      155      153      148      146      206      371      658 |      2411
                                    243      110      103       99      102      115      181      324      557 |      1834
                                    156       85       76       95       87      108      138      270      538 |      1553
                       Highres      152       79       67       83       65      112      157      331      559 |      1605
                                    148       59       92       90       85      106      155      347      674 |      1756
                                    142       61       82       77       93      147      212      457      847 |      2118
                                    200       82      109       87      127      192      305      780     1477 |      3359
                                    386      241      372      373      402      664     1477     5003    17198 |     26116

                    SUM            3752     1459     1398     1392     1332     1848     3133     8290    23290 |     45894

